6
9
3
7
2
1
4
4
5
3
6
4
4
7
9
7
0
7
9
9
7
5
2
5
5
3
8
6
6
7
6
3
9
1
6
9
3
9
6
6
3
3
6
9
0
5
2
0
1
3
3
0
3
8
9
4
2
0
7
1
2
5
8
7
2
3
5
2
1
7
5
6
0
2
9
9
9
4
9
3
4
7
7
3
8
8
7
1
1
2
1
5
4
0
8
8
8
9
9
7
1
0
2
7
9
5
5
6
9
3
2
2
4
1
0
8
5
2
2
5
6
5
6
3
2
8
3
7
3
8
0
4
9
8
6
1
0
3
3
5
7
2
4
7
2
6
4
9
0
2
2
1
2
9
5
1
5
1
4
1
1
9
3
8
4
9
5
2
5
5
8
2
9
9
6
3
5
2
1
9
3
5
6
8
1
3
1
4
1
3
8
2
5
1
5
7
2
9
8
8
9
3
1
2
7
9
3
9
1
6
2
1
6
9
6
6
8
3
1
8
1
2
5
9
5
6
0
8
3
0
1
7
3
2
8
9
9
4
4
3
4
5
8
3
9
9
8
2
4
1
2
3
5
5
9
6
0
0
5
9
3
0
9
3
1
7
4
6
4
8
3
2
9
5
7
0
8
6
9
2
8
7
7
8
0
3
9
5
2
7
7
4
6
9
2
7
5
1
3
3
8
5
9
6
5
9
7
3
9
8
3
9
7
6
8
5
9
1
8
5
9
6
2
9
8
2
4
1
8
6
4
5
4
6
2
9
0
3
0
7
1
4
4
3
6
0
7
8
5
5
4
5
1
7
6
4
7
1
9
7
4
0
3
2
9
9
7
0
3
4
1
6
9
0
6
5
2
0
7
9
9
7
8
7
7
5
0
2
3
7
4
6
0
1
1
7
5
3
6
2
5
3
1
1
4
7
9
3
7
5
2
8
3
4
7
6
3
5
4
7
8
1
7
3
3
5
5
3
7
8
4
6
7
6
4
2
3
2
1
6
8
3
0
7
6
2
4
4
0
4
0
1
7
5
4
2
9
0
8
2
7
4
6
6
9
2
5
0
9
1
4
2
7
4
4
9
3
7
5
3
8
2
2
6
4
0
8
0
4
8
6
7
6
0
6
3
2
2
6
6
