-2.000000000000000000e+02
-1.640000000000000000e+02
-1.780000000000000000e+02
-1.880000000000000000e+02
-1.490000000000000000e+02
-1.090000000000000000e+02
-1.500000000000000000e+02
-1.080000000000000000e+02
-1.060000000000000000e+02
-1.060000000000000000e+02
-1.060000000000000000e+02
-1.050000000000000000e+02
-1.060000000000000000e+02
-1.060000000000000000e+02
-1.880000000000000000e+02
-1.030000000000000000e+02
-1.050000000000000000e+02
-1.740000000000000000e+02
-1.480000000000000000e+02
-1.450000000000000000e+02
-1.440000000000000000e+02
-1.090000000000000000e+02
-1.380000000000000000e+02
-1.260000000000000000e+02
-1.380000000000000000e+02
